0002005873185
0072014006177
0072017004026
0072019004587
0002006877259
0072013000206
0072015000862
0072012002164
0072022001171
0072010000626
0002007877731
0072020001917
0002005872546
0072004871373
0072013001565
0072018005093
0072012004457
0072018004266
0072014004692
0072016001075
0072023000203
0072021002468
0072020001987
0072015000324
0072016006429
0072022003455
0002005872047
0072017007392
0072023002242
0002007877902
0072022000197
0072020003923
0072015003326
0002007878628
0072008000595
0072017000821
0072012005373
0072008000313
0072016003581
0072021003590
0002007878610
0072015004074
0072021004170
0002005873664
0072014005624
0072004871421
0072004871361
0072015006508
0072017000808
0072014006181
0072013002635
0072010000105
0072007000052
0072005871862
0072016007196
0072011003057
0072016003578
0072004871415
0072024001236
0072021002466
0072013006343
0072016005838
0072022001210
0072007000015
0072013001496
0082008001280
0072015003316
0072005872534
0072008000594
0072022002193
0072022002190
0072023000299
0002004871346
0002007877732
0002005872045
0072016003158
0072023000653
0072018000475
0072023001069
0072009000064
0072013001499
0002005872848
0072020001986
0002004871331
0072015000855
0072016001917
0072024003922
0072017005270
0002005872855
0072023004026
0072024002037
0072024002038
0072020000696
0072013006347
0072024001238
0072018000470
0072022001209
0072024003932
0072020002790
0072022001579
0072022000937
0072018004265
0072022000457
0072024003933
0072021001496
0002006874869
0072018000500
0072005871863
0072021001494
0072020005172
0002004871355
0002006875608
0072011002198
0002004871335
0072022003456
0072015003321
0072018004268
0072013006332
0072004871417
0072022002558
0072015001395
0072021001495
0072004871399
0072022002566
0072013000564
0072015003336
0072018000462
0072024002809
0072016007177
0002005873652
0002005871596
0072015005742
0072014002869
0072014006166
0072020001990
0072019004588
0002007878288
0072008000314
0072016003176
0072004871426
0072016006456
0072020005214
0072014006176
0072014002871
0072018004267
0072009000168
0072013006345
0072022001161
0072016006431
0072010001015
0002004870143
0072017003308
0072022003468
0072013004933
0072012004454
0072021002589
0072016004474
0072017005322
0072020005173
0072020003925
0072022000172
0072022002556
0072017000816
0072023002247
0072015002576
0072021004204
0072010000102
0072010000353
0072022003458
0002007878396
0072024003915
0002004871343
0072024000607
0002004869785
0072022003454
0072011000139
0072018002374
0072021001488
0072010000107
0072016000526
0072013004966
0072015004081
0072020001992
0002004871333
0082008000113
0002004869592
0072024003929
0072015004072
0072021003313
0072024003811
0072021003411
0072022000921
0072022001237
0072017007387
0072022001238
0072004871429
0072014005167
0072011000137
0072020000677
0072018002331
0002005872560
0072020000670
0072014002874
0072022000923
0072023001531
0072005871687
0072019001395
0072014001973
0072013001500
0072013004168
0072024002806
0002006874717
0002006874802
0072019004499
0072017004053
0072004871360
0072014005647
0072009001211
0072016007195
0072007000051
0072016003579
0072011000134
0072021002598
0072024003916
0072022002557
0002004871340
0072018005613
0072023004050
0002006877012
0072008000038
0002005872561
0072009000038
0072022001230
0072016003576
0072009000348
0072015005751
0002007877486
0002004869727
0072015006509
0072005871864
0002004869445
0072016001940
0072017004034
0072011002224
0072024002040
0072022002192
0072021003352
0002006876363
0002006874722
0072013004963
0072018002227
0082007878633
0072022000160
0072022000556
0072013001502
0002005872557
0072012000612
0072023001509
0072012001448
0072010000354
0072014002021
0072019003536
0072018004273
0072004869575
0002006874308
0072013001505
0072022001571
0072020005245
0072015001398
0072019001908
0072015004071
0002006874301
0072020004759
0002004871332
0072013000563
0072011001813
0072021004177
0072015004890
0002007877730
0072018004272
0072024003931
0072015003288
0072013006315
0072008000224
0072014001111
0072022002189
0002004871342
0072017006621
0072023000777
0072014005594
0072024002829
0002004870405
0072012000598
0072023000779
0072022000458
0072021000651
0072017004037
0072016001090
0002004870615
0072013001498
0072018005094
0072023001600
0072011001836
0072014001102
0072019003535
0072022004102
0072023002246
0072011003059
0072019000738
0072021001492
0072014005164
0072018002373
0002006875304
0072024000606
0072004871420
0072019001924
0072024003928
0072022001159
0072017003305
0072015002575
0072014002856
0002004870613
0002007878972
0072018005599
0072024003913
0072024003810
0072023004472
0002007878395
0072022001570
0072018005614
0072013006323
0072019001372
0072016004413
0072012004303
0072015005148
0072016006428
0072022000199
0072004869580
0072024002041
0072013006318
0072022000952
0002007878382
0072019004583
0072022000453
0002007877495
0072022003462
0072004869578
0002005872839
0002005873650
0072021004142
0072018000464
0072018005162
0072019005244
0072017004051
0002005873648
0072023001070
0072020001994
0072008000092
0072023002251
0072015000322
0072007877733
0072022000456
0072018001643
0072019002415
0072023004418
0002005873169
0072016003185
0072013006331
0072008000477
0072023004027
0072014001977
0072007000050
0072011000606
0072009001204
0072022004114
0002005872850
0072020003930
0002006874293
0072022002224
0072008000187
0072020001619
0072024003917
0002005872847
0072022003463
0072009000945
0072015005128
0072012005387
0002006875315
0072015000859
0072016003577
0072009000445
0072022000620
0072022004101
0072017004065
0072004871402
0072018001635
0072021003420
0072013002623
0072020003909
0072022000455
0072018005155
0072012004446
0002004871304
0072019005232
0002004871334
0002007878779
0072014006180
0072004870117
0072017005303
0072023001504
0072013004167
0072023004461
0072015004910
0072022000215
0072015000351
0072016005829
0072011001834
0072021003412
0072017004027
0072019003498
0072016003170
0072021004150
0072016003178
0082009000075
0072014001974
0072014005163
0072016004466
0002004870735
0072021000646
0072023002248
0002005872046
0002004871336
0072013000562
0072015000333
0072024002807
0072017003309
0072022001663
0072018002334
0072022002569
0072020001983
0072004869576
0072015005150
0072021000652
0072005871837
0072024002826
0072008000596
0072017002045
0072019001907
0072018004269
0072022000924
0072022001573
0072012001445
0072010000625
0002006874868
0072015003285
0072013006319
0072016000559
0072004871371
0072021004178
0072007879219
0072015005741
0072015000319
0072021001481
0072015000856
0072022000915
0072004871294
0072017001965
0072004871401
0072017001967
0072018004270
0002006874870
0072023002935
0072013006320
0072004871330
0072008000037
0072024003914
0072016006518
0072022002188
0002005871729
0072018005085
0072008000478
0002007877759
0072010000010
0072004869577
0072018000451
0072004871388
0072021004132
0002007878790
0072022000213
0072021002467
0072022003453
0072022001576
0072004871422
0072024003150
0072022002571
0072014002867
0072023000707
0072022001213
0072022004092
0072015002573
0072012001441
0002005872558
0072020002789
0002006875309
0072021001486
0072022003461
0002004871441
0002007879149
0072020004150
0072017001968
0072013006316
0072024003119
0072021001493
0072015004076
0072019003568
0072009001207
0072020000690
0072017002047
0072022003460
0072016003580
0072016003183
0072015004061
0072014006168
0002007878971
0072022002180
0072017001987
0072024003949
0002004869774
0072022000452
0072014006167
0072004871424
0072019001998
0072020002765
0002006874302
0072017004212
0072012000596
0002005872537
0002004871337
0072016001943
0072020005174
0072022002186
0002004871344
0072018005637
0072015000338
0072004869784
0002005872856
0002004871341
0072017005320
0072015004062
0072014002859
0072022001650
0072013004941
0072012003190
0072015001420
0072021002579
0002007877908
0072019002398
0072024002042
0002004871440
0072024001810
0072009001460
0072009001471
0072014002860
0072010001031
0072022000451
0072018003197
0072008000039
0072018001622
0072015002578
0072004871416
0072017004025
0072023001599
0072019004598
0072016003582
0072013002625
0072017000822
0072024002810
0072021000643
0072014001107
0072024002039
0072016003184
0082008001281
0072018002330
0002006874715
0072018001618
0072012004289
0072022000223
0072015004073
0072024003930
0072017006623
0002006876085
0072014006175