13577935
13578025
13501809
13495469
13577267
13503118
13481715
13574751
13574441
13572190
13574623
13502119
13572025
13571967
13568656
13571607
13576273
13568539
13572225
13568591
13568430
13568488
13564360
13574452
13574374
13574325
13574249
13574202
13574106
13574031
13572494
13572447
13572403
13572348
13572254
13501988
13570472
13570153
13483642
13556949
13557957
13558437
13558036
13558369
13558189
13558139
13558388
13557191
13557262
13557232
13557115
13556996
13557301
13566663
13564303
13564237
13564184
13564155
13564131
13564087
13564021
13563964
13563894
13563856
13557613
13557548
13557385
13557168
13557053
13546320
13545833
13545819
13545796
13547056
13545767
13545736
13545674
13541452
13550535
13545388
13494201
13546986
13545326
13545216
13546831
13546768
13546956
13546675
13546529
13546490
13546555
13546371
13466684
13545849
13541384
13541640
13541207
13541053
13540998
13540954
13541472
13513470
13530945
13513519
13513188
13513430
13539867
13539602
13513373
13513066
13513025
13513346
13513101
13509195
13539491
13539245
13509147
13509053
13508993
13509033
13508961
13508932
13508543
13508101
13508052
13530901
13508462
13523876
13523163
13523074
13523916
13507479
13513057
13507524
13508027
13507581
13520956
13521520
13475281
13518895
13523854
13522687
13517006
13516924
13521574
13521057
13521084
13523012
13515828
13522835
13522951
13494963
13495676
13530112
13530602
13530443
13493934
13520227
13494785
13501295
13494730
13452612
13520155
13510238
13509492
13494565
13493740
13493619
13513293
13509394
13512818
13513322
13512874
13479090
13512951
13492935
13431872
13466010
13478916
13501766
13501156
13478859
13501558
13501022
13478995
13501092
13505289
13478688
13501429
13501965
13501201
13501996
13501895
13501848
13501612
13501703
13501498
13496332
13496305
13496253
13496166
13495838
13493528
13496066
13493459
13505334
13482394
13495034
13494620
13494523
13495115
13495297
13495233
13495190
13495453
13495354
13495784
13493797
13494852
13493587
13493336
13494698
13490216
13493722
13492891
13492841
13490115
13491809
13490011
13478773
13491901
13491952
13490060
13492145
13494321
13490243
13491367
13490680
13491688
13491419
13495421
13490856
13491550
13489982
13491200
13490760
13481952
13481873
13489684
13482309
13490631
13481796
13492132
13481737
13481553
13481611
13489838
13481650
13490024
13489925
13489829
13305849
13489704
13481203
13480984
13483091
13482421
13077070
13482669
13482513
13481210
13481148
13481044
13481001
13481091
13463567
13475170
13474931
13475042
13474946
13475144
13475095
13479190
13474494
13475751
13475655
13475797
13474911
13474488
13474984
13475221
13474426
13474535
13474373
13467995
13467951
13467436
13467405
13467521
13467474
13467879
13467921
13467272
13467350
13456363
13466922
13459347
13455397
13460484
13460678
13460610
13459439
13460832
13459509
13466611
13460366
13460311
13460181
13459635
13466810
13459566
13466744
13460041
13459137
13455526
13455805
13455458
13456287
13456231
13459886
13459757
13447292
13455562
13455703
13445451
13455765
13444896
13455632
13455520
13455472
13455432
13456152
13455386
13452843
13452495
13452453
13452244
13455960
13455860
13455262
13456123
13456012
13455924
13416515
13445076
13452715
13452958
13452902
13451995
13437412
13445679
13444288
13451099
13444441
13452415
13452174
13452100
13451894
13452132
13452053
13437124
13451911
13451843
13452001
13438750
13437024
13437484
13437219
13437122
13437600
13437325
13440873
13440747
13435295
13435247
13429709
13435190
13435100
13435033
13434967
13434850
13434783
13434728
13434689
13430539
13427593
13434598
13430214
13430448
13429850
13430279
13416892
13430171
13433861
13429889
13429922
13423235
13384406
13384662
13352459
13349049
13417074
13377381
13387675
13387097
13387040
13423615
13423330
13385197
13384917
13423798
13423748
13423663
13423498
13423296
13423730
13423495
13423411
13423350
13419912
13419055
13421388
13416633
13387630
13416770
13385392
13386995
13415790
13376628
13416986
13387151
13411725
13413732
13415032
13413536
13413417
13413287
13376621
13367842
13413156
13404749
13404696
13404587
13404586
13404468
13367774
13404662
13404479
13404398
13404306
13326147
13404352
13367893
13368479
13379919
13375843
13373300
13371127
13384291
13384255
13370501
13370535
13400716
13371311
13354677
13400650
13401059
13401039
13400925
13400675
13400883
13400788
13400584
13400953
13381793
13326036
13326637
13377066
13296021
13299314
13295941
13295878
13376945
13376833
13376739
13377405
13354490
13355735
13355619
13355588
13359123
13354377
13382949
13374178
13359097
13359060
13374318
13374759
13370408
13355197
13349372
13355083
13349537
13349446
13354209
13354259
13349232
13349081
13375143
13375085
13377451
13348959
13348850
13373348
13348818
13374610
13374537
13374412
13371139
13374670
13345263
13345338
13345288
13374142
13343989
13343944
13343879
13344164
13344010
13376532
13376311
13338691
13338617
13371229
13370623
13371042
13338654
13370959
13370851
13370690
13370582
13370448
13370748
13370649
13343729
13354488
13354409
13325230
13354907
13354759
13340563
13306528
13240093
13340381
13347984
13347846
13354076
13349740
13347709
13354855
13354118
13354335
13349631
13343582
13295968
13325686
13338545
13338380
13338229
13332757
13337811
13332328
13338291
13338177
13338119
13333549
13333461
13338461
13338400
13338335
13338026
13337966
13337914
13337859
13333388
13333115
13333060
13324376
13282734
13282400
13332526
13332451
13305677
13324137
13323602
13323255
13332292
13325701
13305503
13325516
13332842
13325739
13325553
13332929
13332994
13332639
13325637
13307717
13332743
13325582
13325769
13300256
13305591
13313940
13313802
13307653
13305358
13307590
13305397
13305742
13305451
13306785
13306656
13320680
13320612
13320725
13305207
13305184
13313926
13313474
13313399
13321529
13320517
13300426
13313314
13313525
13309569
13309444
13313241
13239892
13317857
13307797
13307201
13306887
13313988
13314065
13313180
13299706
13313417
13299789
13240329
13313713
13313318
13295053
13258149
13278560
13311427
13305253
13251623
13309531
13303302
13303913
13303684
13296707
13296471
13304174
13304016
13304105
13304332
13304287
13304230
13286072
13283049
13281462
13283075
13296212
13296125
13295904
13297636
13296013
13297099
13273176
13280561
13259578
13280498
13279082
13286356
13261764
13261932
13261840
13256991
13286635
13251589
13286324
13286228
13286141
13261987
13251533
13251565
13261504
13251605
13278457
13257703
13257438
13254006
13257749
13257584
13257129
13240948
13259519
13258225
13258114
13257983
13259652
13258575
13280532
13273784
13241365
13240946
13280443
13259883
13259823
13241141
13266106
13256754
13261409
13260868
13265685
13265744
13265608
13279809
13278194
13258044
13241475
13241072
13264852
13259997
13257366
13254034
13259925
13273616
13259962
13251482
13242564
13251573
13251505
13252690
13241604
13240921
13242202
13239593
13239556
13257289
13205291
13205395
13205340
13234716
13205456
13184446
13184281
13236033
13235987
13184619
13235899
13223483
13236073
13235944
13266112
13238016
13237523
13237420
13237577
13238120
13238083
13238050
13237350
13184286
13184148
13184549
13264070
13224473
13224353
13176650
13261618
13176580
13223998
13236016
13239781
13257519
13211596
13211138
13208407
13208324
13211080
13204422
13210075
13235506
13234954
13223933
13229100
13206049
13235432
13235389
13235341
13235476
13235457
13235317
13234913
13205583
13205530
13205505
13234834
13229889
13229811
13229750
13223899
13250017
13229328
13210133
13211352
13229421
13209927
13211506
13211416
13229493
13114173
13227267
13229616
13209995
13223056
13222749
13222476
13222030
13223249
13223177
13210173
13223333
13223158
13223601
13223769
13223496
13238133
13221901
13223424
13223415
13234516
13196554
13228116
13180352
13189124
13180304
13179354
13179205
13178832
13203142
13198162
13204322
13204216
13203589
13203417
13203227
13202915
13203099
13203177
13220823
13195881
13211019
13198077
13154149
13197976
13194974
13197259
13149231
13197193
13149319
13202961
13197355
13149492
13189184
13162535
13149190
13134466
13127024
13126977
13141139
13141080
13141003
13140919
13126883
13211610
13194138
13202792
13187822
13187762
13197866
13197782
13187883
13187928
13206301
13206034
13197334
13197701
13197570
13197458
13204708
13197189
13204658
13189064
13204572
13189015
13197272
13188938
13188837
13188687
13193844
13197012
13196968
13188927
13188307
13188237
13188184
13188008
13162691
13188402
13188068
13176536
13176316
13176406
13164530
13162620
13164586
13165991
13175998
13176368
13176505
13178350
13147064
13146998
13146945
13178670
13178620
13176664
13176629
13176566
13178751
13176437
13195004
13176012
13176027
13176271
13176086
13176070
13175943
13146641
13175865
13146583
13146519
13175818
13175862
13145313
13143083
13163550
13163912
13167500
13176297
13175963
13175893
13175786
13174971
13174917
13176283
13173896
13169484
13167490
13169418
13167726
13167442
13167265
13167193
13167018
13167569
13167448
13169562
13146327
13146266
13154198
13149377
13127466
13171370
13171406
13167343
13146476
13146175
13146108
13173732
13176725
13176700
13157964
13160379
13146694
13146208
13146357
13153386
13041901
13041404
13154023
13148835
13090826
13154143
13154082
13169288
13167594
13169235
13171239
13167360
13167007
13166794
13167652
13153922
13151009
13151078
13151789
13150910
13153234
13153142
13150995
13153331
13151432
13153049
13148947
13147206
13147145
13150359
13123197
13121831
13150816
13150841
13124536
13149057
13150716
13150659
13162847
13157051
13124480
13157529
13155993
13157179
13157579
13143680
13112104
13114417
13112450
13082797
13082446
13148444
13114325
13114246
13127529
13126790
13127588
13091913
13092193
13118040
13116645
13116475
13116405
13116574
13116351
13114558
13082849
13126714
13123255
13124595
13121590
13119489
13134463
13119927
13142121
13123163
13116779
13116697
13120743
13116749
13122244
13111987
13125824
13125181
13125043
13118524
13118242
13113598
13122426
13114910
13114851
13114771
13114675
13112334
13112242
13111922
13107202
13114121
13082519
13111374
13079763
13081971
13079957
13081463
13081310
13118805
13111241
13112203
13111876
13090434
13109234
13103409
13103485
13104076
13103015
13099748
13103766
13103583
13103101
13099810
13104186
13100120
13099888
13082901
13105466
13105055
13105336
13103931
13100786
13097518
13100073
13100007
13099965
13100887
13103645
13090661
13103388
13098295
13079503
13098485
13098400
13097816
13099179
13080316
13079902
13080224
13080432
13084000
13083339
13100574
13100433
13100826
13100588
13100359
13099707
13099635
13099576
13100738
13099483
13100312
13099353
13100205
13103761
13041473
13095170
13091735
13091603
13095658
13091845
13095338
13092167
13094799
13094614
13095013
13092235
13091901
13092058
13091937
13087898
13087764
13088327
13088213
13088107
13090973
13090822
13090686
13090604
13087487
13041297
13077961
13077716
13085542
13079672
13077885
13077450
13078358
13077540
13084768
13080120
13079985
13085251
13085045
13086587
13078244
13077709
13078239
13039640
13078001
13037661
13039540
13075609
13039427
13039742
13035836
13078197
13078076
13039729
13078266
13078308
13077467
13078148
13039714
13039385
13039692
13037427
13042084
13074129
13073963
13076639
13076552
13076424
13037107
13035517
13072934
13072501
13032345
13032228
13032101
13034689
13034575
13035929
13036628
13035728
13034789
13037261
13075289
13075223
13020217
13074916
13037010
13036470
13036020
13069941
13036309
13070728
13070618
13070439
13070460
13068733
13068679
13048027
13067905
13035792
13068541
13068341
13068115
13068414
13067526
13067665
13067615
13052849
13066813
13066757
13066711
13066641
13066595
13066563
12936630
13038672
13038590
13044030
13044179
13044690
13047840
13044758
13044591
13044412
13042010
13042410
13042553
13043931
13041787
13040982
13039629
13039558
13039460
13038385
13042452
13041898
13042342
13042230
13041695
13038875
13038449
13037917
13039235
13038799
13039323
13038295
13039098
13037805
13041804
13041629
13041546
13029717
13033940
13027938
13034158
13034083
13031572
13031422
13028704
13027800
13034500
13028894
13028114
13028053
13029485
13034372
13031332
13031802
13030979
13034042
13031125
13026412
13026519
13026601
13026688
13025897
13027001
13027168
13034001
13027052
13026902
13027324
13027234
13026296
13018545
13018499
13026091
13018444
13018204
13009204
13014012
13014047
13016806
13017398
13017102
13017181
13014023
13014592
13014497
13013071
13012646
13014250
13013516
13006305
12923321
12963384
13006375
12963362
13006232
12998904
13006025
12994339
12994452
12994408
13007417
12994513
13009491
13007215
12936797
12936754
12994708
12936707
13009708
13009640
13009829
13009971
12994559
12998177
12998093
13009586
12998324
13010224
13008873
13009229
13009150
12998455
13001215
12999324
13001366
13001644
13001545
13001437
13004907
13007138
13000142
12997044
12994112
12992473
12997170
12992523
12997620
12997541
12997783
12997713
12997679
12996437
12994306
12994139
12996574
12993936
12993876
12996618
12993972
12933546
12994046
12992567
12997094
12993844
12997252
12994190
12994622
12994252
12993761
12996015
12996099
12994595
12992638
12992741
12992239
12992098
12993594
12930333
12976128
12976164
12991764
12990722
12976202
12991539
12991380
12990799
12992185
12992042
12991622
12963231
12965671
12965604
12961829
12929828
12929677
12989721
12989615
12990584
12975899
12976253
12976216
12975266
12989469
12989552
12988940
12988731
12988798
12988588
12967664
12967740
12961784
12972178
12972887
12973811
12973272
12972978
12972724
12973761
12973574
12973630
12974277
12974339
12974463
12967588
12967475
12974576
12972645
12972805
12973032
12956087
12961198
12961051
12963206
12963176
12965541
12971605
12899833
12899866
12956148
12956237
12947807
12961487
12961725
12967261
12967207
12962539
12962649
12962689
12956271
12956311
12954850
12960887
12960966
12961120
12955141
12953871
12955054
12954945
12959247
12959181
12955485
12955399
12955533
12946557
12955903
12955623
12955348
12955296
12954760
12947770
12954990
12954088
12954045
12959306
12955781
12954143
12958665
12954678
12946645
12947889
12956024
12955955
12954360
12954274
12954212
12953998
12953642
12957926
12955252
12955217
12947666
12953726
12947705
12947844
12947724
12950622
12946606
12947732
12945320
12945134
12945679
12945611
12946486
12945389
12929963
12936534
12945347
12945665
12945632
12942723
12945597
12945481
12945021
12945455
12945068
12944850
12944987
12944945
12945574
12944920
12945539
12916376
12945565
12944890
12947827
12945524
12944804
12945508
12945181
12945426
12945240
12944638
12943385
12943349
12942780
12942755
12944614
12944582
12943309
12942823
12943522
12923201
12938035
12942917
12942955
12942695
12938483
12942874
12941519
12934682
12943429
12943275
12933745
12938878
12941644
12938629
12942173
12941579
12938988
12938148
12928264
12938829
12938788
12942560
12939031
12938955
12938723
12928147
12928370
12938921
12938232
12938202
12938397
12938336
12927557
12922534
12923846
12940682
12900510
12927431
12933645
12933536
12934327
12934284
12934543
12934476
12934601
12934230
12933818
12933883
12934091
12934192
12934126
12933497
12937699
12932845
12933336
12932976
12894879
12927200
12927812
12933205
12928005
12927888
12927695
12927339
12933989
12922690
12916446
12923047
12922603
12888444
12923400
12923219
12914320
12923673
12923539
12923198
12922864
12916427
12924193
12914487
12914426
12914268
12916342
12916311
12916261
12923809
12923611
12916099
12923912
12923632
12916194
12916129
12916231
12924023
12915999
12912235
12923452
12912287
12916032
12912330
12912380
12900332
12900438
12900395
12900253
12876414
12912191
12912096
12915714
12914145
12913842
12914527
12914346
12908866
12908774
12908321
12913274
12913741
12912040
12911866
12911828
12913792
12913604
12911970
12911621
12900115
12911406
12911772
12900196
12900036
12899961
12911703
12911564
12911533
12908608
12911931
12909372
12901923
12901798
12908232
12909509
12908189
12900415
12902247
12900852
12899102
12908129
12901432
12906992
12902187
12902008
12896576
12894431
12902318
12900987
12870238
12896514
12900322
12894191
12901648
12901168
12894335
12900226
12899194
12900564
12890179
12896614
12894562
12902560
12899141
12899230
12902576
12902370
12899247
12898686
12883947
12902504
12884075
12896693
12885486
12903750
12898830
12890082
12903860
12896845
12898749
12896402
12871979
12902531
12866896
12902546
12902435
12872064
12902473
12873567
12904009
12903953
12885654
12885554
12897524
12896342
12896468
12885823
12877293
12873773
12898885
12898574
12898621
12885918
12873931
12896278
12870762
12873137
12873344
12867125
12871049
12871800
12872117
12870925
12867024
12871732
12867194
12871629
12860790
12827347
12860732
12860667
12894557
12871671
12872651
12872583
12860838
12826986
12860902
12869985
12864794
12864765
12866944
12865462
12870641
12872711
12865759
12888386
12891158
12888318
12866232
12887033
12886993
12875382
12886963
12866049
12866158
12867397
12867556
12889564
12889529
12888615
12865928
12865829
12888529
12866605
12887010
12886978
12827163
12826909
12875588
12865699
12875310
12871571
12875452
12867330
12876239
12856889
12876002
12876130
12875701
12876950
12866367
12864734
12867606
12866522
12876298
12871243
12862755
12872844
12871299
12866451
12866802
12862922
12871339
12860873
12865991
12865629
12803024
12869926
12869889
12871154
12871115
12869834
12867245
12856331
12827269
12871500
12865279
12827058
12803527
12871207
12865365
12803707
12860755
12876616
12876807
12877034
12876764
12875891
12875757
12875268
12864671
12865548
12853671
12853705
12853209
12853276
12856242
12856001
12855708
12856061
12855924
12855808
12853753
12842402
12853606
12846300
12846065
12824161
12867128
12867013
12824379
12860560
12867057
12840941
12840353
12841471
12842323
12845462
12845351
12853543
12845857
12845988
12832508
12845224
12841634
12845271
12832616
12821729
12842556
12821756
12821546
12845677
12845163
12832821
12833080
12844187
12844924
12844623
12844249
12821669
12849138
12840250
12823912
12855339
12853373
12849506
12849267
12833166
12849607
12849385
12844895
12843206
12833252
12843997
12842457
12844094
12841763
12819491
12833946
12821077
12820321
12820213
12819928
12820125
12819679
12821241
12823546
12823160
12823108
12823329
12823369
12827348
12823642
12817239
12817085
12817014
12821798
12821612
12817393
12818346
12812547
12812627
12812506
12814531
12821451
12820850
12816820
12829637
12816899
12816952
12831928
12818595
12819166
12818847
12823711
12824045
12832707
12814894
12819271
12818233
12812026
12811680
12814359
12811606
12811832
12814294
12811418
12811529
12810715
12808121
12810944
12802804
12802936
12791521
12812109
12816794
12816747
12824371
12811294
12810783
12811976
12802630
12810654
12802249
12802448
12802089
12816678
12803122
12816825
12801298
12801950
12802222
12802155
12809858
12809783
12801498
12801431
12799279
12799346
12799227
12799251
12799090
12799190
12799002
12804344
12798967
12810567
12798307
12798286
12798249
12798267
12798207
12798142
12794078
12794110
12794060
12794033
12793966
12794004
12793360
12793523
12786929
12787193
12791844
12787003
12786977
12787099
12795965
12787136
12796045
12798932
12798901
12801650
12794619
12798875
12804242
12794500
12792103
12798710
12798784
12801716
12792731
12787215
12798609
12798675
12792259
12792920
12801921
12798324
12792798
12793005
12792957
12794384
12787154
12798517
12794180
12801548
12792422
12792015
12791916
12787028
12786589
12786367
12786618
12786554
12786736
12786339
12786279
12783073
12782822
12782778
12782735
12794290
12786428
12786696
12786515
12786485
12786026
12783032
12779068
12778851
12785868
12785510
12785801
12786050
12785217
12776745
12776652
12776608
12782957
12782992
12776839
12776910
12776723
12776682
12768571
12776931
12782684
12782656
12776863
12782232
12717355
12781894
12778683
12751074
12750828
12768283
12767972
12778614
12768095
12772291
12768226
12767923
12769559
12768343
12768544
12768507
12768453
12772226
12772482
12772420
12772568
12778500
12778925
12723675
12723622
12723517
12773723
12773653
12769479
12769374
12769455
12772161
12769038
12767867
12767835
12767779
12767735
12759027
12758768
12758991
12758932
12758834
12758729
12758696
12758644
12758616
12758560
12757656
12757616
12757595
12757687
12757998
12757896
12757838
12757791
12757698
12757763
12758308
12754865
12754814
12752274
12755855
12752341
12752389
12752363
12752241
12752487
12752203
12755807
12755740
12723714
12742625
12742527
12742636
12742539
12742563
12752122
12755102
12752150
12752089
12751310
12751243
12742577
12752057
12751372
12752441
12753480
12754961
12743307
12742851
12743774
12743659
12743008
12723784
12723800
12723863
12723831
12728594
12731219
12731161
12731202
12731264
12738078
12736929
12736958
12728648
12731236
12736052
12728711
12728739
12731128
12731042
12728488
12731101
12731057
12728396
12728441
12728413
12728458
12731017
12729288
12728292
12728324
12728378
12728356
12731075
12729490
12729518
12729224
12729563
12729151
12729245
12729183
12729376
12729325
12729402
12730664
12722785
12717569
12722881
12716893
12723338
12717528
12723258
12723303
12716945
12725930
12729437
12725660
12725589
12725084
12725455
12725752
12725733
12725892
12725778
12725697
12725301
12725265
12725130
12723927
12723919
12724948
12723946
12723934
12723952
12724987
12725201
12723971
12723961
12723570
12718352
12718382
12717008
12717467
12716429
12711937
12711970
12711951
12711921
12711906
12710466
12716475
12716526
12716498
12710424
12704611
12704553
12704651
12704780
12709569
12709603
12716404
12716365
12716339
12710902
12710302
12710262
12716286
12710388
12710336
12704763
12704699
12702412
12704742
12704443
12704497
12704461
12702598
12702429
12702635
12702726
12702702
12691675
12702869
12702917
12709397
12703685
12703821
12703736
12703910
12703851
12703879
12701208
12701052
12701332
12711270
12711203
12711167
12711096
12702253
12711048
12702300
12702278
12702370
12702328
12702391
12702804
12702774
12703497
12702890
12709439
12703649
12703562
12665144
12702199
12702669
12709423
12703610
12703789
12693532
12693363
12692804
12692757
12693444
12693489
12692367
12692314
12692457
12692492
12692603
12692566
12693311
12691757
12685464
12689759
12691783
12691848
12691808
12691866
12691913
12686263
12686328
12692274
12685630
12685375
12683022
12686397
12702231
12689744
12691715
12685979
12685858
12682873
12685567
12685504
12697680
12685718
12685521
12689701
12689735
12689713
12685321
12699633
12682687
12682650
12665192
12665168
12685927
12682831
12682924
12682962
12685423
12699551
12684046
12686491
12697894
12693041
12693233
12697265
12697050
12696626
12659302
12696582
12660336
12649177
12689661
12689620
12689579
12692189
12692093
12689396
12689284
12689521
12682588
12682565
12682527
12682487
12665490
12665110
12665085
12665016
12665002
12682609
12664941
12664965
12665277
12665360
12665308
12665442
12665394
12665511
12664985
12664924
12664893
12664882
12664870
12664857
12662464
12662561
12685833
12662660
12664850
12662599
12662285
12662161
12662085
12661961
12661908
12661850
12661595
12660548
12660523
12661763
12661675
12661831
12655169
12660492
12660426
12655119
12655059
12660469
12648931
12648902
12648855
12648822
12655016
12654972
12654933
12648871
12648307
12648271
12648718
12648638
12648333
12648739
12662029
12648784
12648405
12648350
12648760
12648611
12648804
12648554
12648539
12648525
12648440
12648213
12648252
12648230
12642639
12642731
12642613
12642514
12642563
12642526
12642804
12642849
12642827
12642579
12642596
12642502
12642779
12613322
12643001
12642482
12643170
12643078
12643102
12637043
12636991
12637073
12638253
12638318
12638288
12636393
12636954
12636793
12636342
12636830
12636758
12636286
12636250
12636225
12636908
12636714
12636548
12636307
12628143
12615056
12614965
12628434
12659165
12631799
12657031
12656938
12656983
12656866
12613665
12627281
12627431
12627356
12627490
12627781
12613634
12627810
12615034
12611928
12631832
12611801
12631634
12631586
12630693
12643592
12638385
12606963
12607113
12630523
12654260
12631153
12630469
12611437
12652382
12632016
12611487
12631992
12631688
12654334
12627244
12611555
12629690
12629581
12629495
12629430
12629341
12629288
12615413
12610612
12610492
12616015
12610451
12610341
12610387
12630125
12629216
12628633
12613117
12628704
12628727
12631732
12627971
12629534
12629826
12628546
12630166
12628612
12615166
12615181
12630617
12629319
12630661
12631535
12630871
12627674
12631941
12615017
12614983
12628070
12628480
12627386
12614974
12628506
12615010
12629787
12615424
12629990
12610763
12628688
12628662
12628560
12628166
12628101
12628003
12627942
12615190
12631368
12629727
12611585
12630587
12627910
12631061
12627849
12631462
12627706
12631923
12631890
12631868
12613196
12631411
12613226
12628395
12631432
12610405
12630028
12628365
12635719
12635674
12635494
12610049
12635769
12610306
12610740
12616179
12610710
12610645
12615486
12615507
12615959
12611643
12615463
12635074
12615989
12627187
12615444
12615126
12616075
12615144
12616062
12616043
12616093
12616111
12616167
12616128
12615088
12615106
12626969
12606769
12625090
12624903
12628270
12627120
12604987
12624209
12623967
12624304
12624088
12624917
12572957
12572895
12572841
12572785
12510473
12510360
12622671
12619596
12589601
12592115
12589434
12612977
12616603
12612941
12616614
12615356
12605885
12595132
12595104
12592351
12592310
12592285
12613159
12613291
12613392
12613463
12613517
12613605
12612849
12612819
12612803
12612915
12612880
