1163945
1163735
1163495
1161210
1161036
1160835
1160511
1158142
1157859
1157232
1157139
1154887
1154468
1154182
1153883
1150831
1150678
1150570
1149902
1149648
1147976
1147946
1147258
1144524
1144242
1144057
1143937
1143764
1141085
1140198
1137780
1137677
1137514
1137268
1136861
1133285
1133064
1132651
1132381
1130070
1130007
1129882
1129610
1126918
1126715
1126533
1123963
1123833
1123715
1123578
1123155
1120790
1120497
1120212
1119954
1119796
1116165
1116019
1115798
1115671
1113081
1112870
1112761
1112579
1110021
1109830
1109663
1109311
1109059
1107397
1107261
1105840
1103068
1102830
1102610
1102507
1102401
1102311
1098743
1098506
1098131
1097328
1095469
1092973
1092398
1089564
1089392
1089240
1089107
1088830
1088359
1086567
1086516
1085844
1085492
1085319
1078656
1078466
1078343
1078290
1078141
1078017
1077662
1075897
1072462
1072255
1071728
1071424
1071328
1069331
1069206
1069154
1069075
1068918
1068784
1068520
1068453
1064948
1064900
1064819
1064717
1064542
1064492
1064271
1064000
1061724
1061648
1061530
1061137
1058235
1055930
1055670
1055606
1054839
1053219
1053068
1052982
1052635
1052372
1052140
1048518
1048426
1048368
1048276
1048214
1045936
1045504
1045374
1044910
1042182
1041854
1039963
1039836
1039774
1039702
1039667
1039470
1039346
1038195
1036972
1036927
1036762
1036730
1036647
1036412
1036118
1035481
1033845
1031834
1031684
1031392
1031018
1030951
1028299
1028239
1028235
1026197
1023111
1022208
1019584
1019121
1018839
1015197
1014289
1012236
1011864
1011837
1009690
1009176
1009029
1009004
1008692
1008501
1006123
1005608
1004912
1002870
1002313
1001556
998426
998234
997979
995346
994677
991985
991870
991352
991333
988737
988690
988196
984661
984436
984203
978550
977478
975214
974200
972205
972180
971412
970992
968218
967862
967532
963937
963668
960903
960362
960242
957588
957197
954821
954725
954679
954467
954248
954128
954081
954025
953943
953902
953856
953345
953041
951819
951791
951532
951319
951233
951179
951005
950732
950266
942932
942468
940031
939837
939678
939318
938981
936797
936718
936512
936303
935914
933130
932955
928952
928752
928057
925779
925731
925564
925530
925387
925086
924831
924812
922734
919775
919131
919092
918997
918868
918545
918393
918053
916441
916136
916048
915976
915802
915612
915460
911443
911119
911081
910988
910939
910870
910796
910744
907811
907696
907650
905229
904968
904919
904861
904530
902202
902051
901948
901626
898898
898856
898198
897909
897876
897579
897195
894981
894926
894897
894805
894736
894656
894610
894401
894143
893651
891802
891487
891438
891345
891308
891198
890948
890664
889661
887087
886935
886684
886323
886231
881616
881585
881549
881465
881328
881262
881119
880258
880032
879608
877849
877815
877710
877515
877395
877383
876585
876509
876300
875936
872947
872924
872532
870467
869549
869458
869332
868649
867784
867756
867719
867712
867446
867388
866816
866254
866247
864992
861818
861799
861593
861553
861481
861419
860972
860579
859673
857818
857648
857368
855526
853553
852814
852770
852670
852491
851370
848260
846836
846452
846439
844571
844450
841453
841250
841050
838273
838159
837946
835326
835226
835127
834283
831973
831725
831305
830750
827398
827337
827223
827192
827052
826878
824617
824571
824251
824211
824200
824120
824028
823927
823775
823694
821681
821565
820937
820789
820402
818896
818744
818487
818303
817861
814542
813684
813375
812866
809983
809936
809912
809849
809640
809608
809559
809362
809036
807852
807727
807163
802799
801670
801420
801056
800044
799721
798704
798474
798428
798333
798109
797122
795373
794005
793872
793650
793537
793222
792667
790954
790686
790488
790278
790163
789960
789842
789648
787960
787655
787271
786790
785634
785006
784939
784785
784699
783855
783378
782900
782815
782260
782144
781873
781675
781032
779432
777622
776775
776619
774233
773824
773585
772931
772776
771427
771020
770441
768309
767975
765232
765169
765105
765051
764542
763736
763531
763028
761827
761773
761734
761682
761653
761606
761505
760353
760102
758047
757543
756709
755342
754205
753676
752026
751537
751469
750859
749127
748693
748043
744538
743771
743597
743526
741367
741321
740225
739826
738287
736602
735794
731071
730561
729294
727592
726881
725534
724713
724399
724387
722230
719941
719613
718632
718030
715406
713560
712118
711580
707759
705769
705705
702688
699951
695060
694998
694596
692196
691652
688687
688543
688030
687957
687331
685214
685089
682158
681750
680108
674727
674508
674496
673464
670314
669114
668663
667534
665730
665104
664861
660249
657033
655828
655275
654693
654690
651788
648356
647454
647450
643655
643594
643131
642673
642418
642407
642400
639375
638465
637935
637545
637539
635315
634760
634249
633674
632558
632055
631154
631146
629314
624385
622148
622132
621374
619146
617940
615008
610872
607818
604915
601464
600909
599234
599074
597547
595296
594400
593698
591616
589317
584642
580993
580972
578178
574861
574636
573028
570906
570678
570023
566725
565903
562663
562092
561629
560915
559040
558999
558676
556180
555817
555570
552687
551799
551664
548789
548029
545253
543701
542872
540502
539814
539720
537329
536935
535754
534876
534659
532726
532718
530464
530123
525963
525699
523155
521103
519714
517249
514697
512235
512039
510326
506943
505789
505238
502108
501915
500719
499071
499064
498196
496387
495364
494737
494427
491422
490848
488681
485492
485475
483248
482470
479879
479331
477369
476661
476233
474632
472878
472499
470609
470600
469286
468933
467215
467037
464643
462944
459594
456487
453885
453678
452129
451694
450509
449755
449384
448931
447377
446868
445676
444594
441176
438413
437713
435653
435611
435440
434830
424380
424182
423941
421950
421751
421040
420389
417941
417565
415205
412158
412138
411982
410990
410971
409391
408947
408748
405327
404885
403306
399388
395409
395211
393607
392352
388732
388365
385584
384506
383319
382756
381430
378327
378148
376900
376300
375178
373692
373218
370055
365696
363640
363638
361669
358417
357344
355413
352244
334795
334088
333686
332304
331015
330709
330274
330048
329516
328252
328247
327018
325017
324692
322070
320246
319934
317371
316196
315523
312765
307407
305591
304045
303564
303111
302632
302177
300765
299241
297864
294904
292813
291940
291143
289339
288946
288345
285270
284757
284098
283328
281871
281117
279711
279218
279086
277614
276941
276726
276222
275630
275525
275123
272676
271974
271445
270960
269636
269384
267609
267408
264815
263068
262351
260337
259314
258149
258024
256197
255828
254123
253968
253707
253681
252879
251416
251020
249796
249544
247711
246095
245968
245456
245231
244847
244665
244220
243818
243141
241965
239425
237793
237336
237101
235842
235572
235496
235216
234058
233842
233266
232703
232097
230971
230741
228946
228249
228078
225830
225776
225390
224047
224027
223706
222236
221104
221019
220995
220384
220344
220309
220126
219839
219459
219063
217628
216658
216017
214986
214890
211519
210659
210512
208277
208263
207826
207674
206542
206370
205797
205702
205140
204419
204288
203196
202528
201258
200491
200031
199975
199516
199336
198970
198789
197850
197671
195734
195625
195331
194485
192885
192804
191909
191681
191474
191347
190604
190587
190323
189235
189207
189129
189015
188857
188399
187119
186785
186657
186208
185977
185797
185530
185359
185196
183379
183194
182554
181882
181800
180655
179047
178463
178030
177638
176869
176682
176555
175039
174687
173801
173311
173258
172384
171352
171147
170090
169163
168971
168196
167859
166927
166759
166432
165861
165613
165479
164048
163904
163090
163009
161986
161556
161286
160798
156791
156721
156267
156256
156175
155840
155572
155446
154352
153950
153846
151615
151047
150419
150282
148617
148056
147173
147153
146042
145386
144925
144668
144498
144445
143482
143422
142697
140533
140421
138588
137823
137654
137283
137064
136325
135829
135671
134724
134246
133849
133130
132451
131949
131789
131237
131139
131050
130987
130401
129561
129333
128787
128655
128495
128203
127878
127573
126808
126403
126344
126244
126160
124564
124539
123716
123055
122879
121723
121515
120411
119924
119797
119546
119104
117781
117475
117428
117286
117051
116988
116856
116776
116315
116280
115901
115513
114275
114185
114083
113775
113367
110558
110555
109806
109141
109070
108745
106018
105507
105307
105265
105107
104739
104072
102859
102414
100728
100146
99643
99635
97320
96271
96132
95967
94699
94693
93871
90727
90572
90567
84655
83383
83360
80452
78199
76846
76835
74339
72871
72860
70437
68893
67883
66028
66027
62515
62436
59317
59092
56262
54441
54171
52075
48305
48176
48171
45704
43437
42339
42301
41068
39909
37736
37589
32977
32949
28860
26542
26484
24182
24176
21807
20815
20797
15969
13828
13782
11192
11186
