0072024003990
0072024004988
0072024004800
0072024004339
0072024004457
0072025000202
0072024004607
0072024003960
0072024004321
0072025000177
0072024004024
0072024004776
0072024004127
0072024004553
0072024004228
0072024004498
0072024003781
0072024004598
0072024004569
0072024004176
0072024004138
0072024004678
0072025000222
0072024003618
0072024004322
0072025000231
0072024003825
0072024004944
0072024004631
0072024004712
0072024003943
0072024004454
0072024004847
0072024003420
0072024004019
0072024004770
0072024004273
0072024004381
0072024003826
0072024004192
0072024003957
0072024004924
0072024003975
0072024004736
0072024003887
0072024004023
0072024004633
0072024003894
0072024004784
0072025000040
0072024004196
0072025000300
0072024003912
0072024003993
0072024004648
0072024004068
0072024003976
0072024003853
0072024004093
0072024003870
0072024004275
0072024004437
0072025000240
0072025000258
0072024004497
0072024003789
0072024004953
0072024004591
0072024004572
0072024004768
0072024004424
0072024004147
0072024004067
0072024004778
0072024004844
0072025000178
0072024004153
0072024004263
0072024004562
0072024004358
0072024004622
0072025000324
0072025000261
0072024003972
0072024003778
0072024004918
0072024004879
0072024004135
0072024004754
0072024004835
0072024003937
0072024004895
0072024004650
0072025000055
0072024003977
0072024004319
0072024004453
0072025000301
0072025000176
0072025000233
0072024003919
0072024003935
0072024004635
0072024004320
0072024004719
0072024004563
0072024004175
0072024004472
0072025000223
0072024004071
0072025000039
0072024003980
0072024004842
0072024004839
0072025000009
0072024003897
0072024003884
0072025000007
0072024004882
0072024003889
0072024003862
0072024003902
0072013003227
0072024004928
0072024004091
0072024004933
0072024004151
0072024003981
0072025000123
0072024004452
0072024003747
0072024004313
0072024004376
0072024004621
0072024003627
0072025000172
0072025000226
0072024004101
0072024003868
0072024004781
0072025000238
0072024004137
0072024004152
0072024004541
0072024004149
0072024004018
0072024004801
0072025000225
0072024004389
0072024004897
0072024004385
0072024004200
0072024004310
0072025000323
0072024004380
0072024003464
0072025000042
0072024004148
0072024004087
0072025000237
0072025000236
0072024004395
0072024004893
0072025000327
0072024004383
0072024004855
0072024003608
0072025000130
0072024004059
0072024004276
0072024004226
0072024004333
0072024004243
0072024004931
0072025000326
0072024003893
0072024004765
0072024004664
0072024003797
0072025000028
0072024004329
0072025000256
0072024003779
0072025000228
0072024004880
0072024004227
0072024004387
0072025000160
0072024004456
0072024003767
0072024004671
0072025000242
0072024004909
0072024004981
0072024004782
0072025000128
0072024004807
0072024004820
0072024004179
0072025000125
0072024004298
0072024004561
0072024004100
0072024004191
0072024004862
0072024004803
0072024004014
0072024003882
0072024004317
0072024004728
0072024004735
0072025000203
0072024004072
0072024004386
0072024004764
0072024004571
0072024004843
0072025000281
0072025000253
0072025000322
0072024004397
0072024004026
0072024004697
0072024004730
0072024003607
0072024004136
0072024004856
0072024004005
0072024003785
0072024004972
0072025000244
0072024004478
0072025000325
0072024004943
0072024004637
0072024003989
0072024004875
0072024004064
0072024003967
0072025000321
0072024004832
0072024004547
0072024003844
0072025000052
0072024004444
0072024004436
0072024004655
0072024004115
0072024004615
0072024004307
0072024004373
0072024004783
0072025000081
0072024004458
0072024003812
0072024003873
0072024004802
0072024004017
0072024004520
0072024004016
0072024004932
0072024003784
0072024004363
0072024004670
0072025000175
0072024004494
0072024004044
0072024004896
0072024003995
0072025000043
0072025000313
0072024004585
0072024004863
0072024004114