0072019003245
0072019003241
0072019003301
0072006874809
0082008000257
0072004870181
0072005872055
0072005872069
0072018001496
0082008000250
0072004870495
0072010001132
0082008001454
0072004871064
0072004871093
0072024001868
0072024001869
0072021003475
0072019001187
0072019000889
0072017003499
0072017003497
0082008000403
0082008000406
0082008000411
0072019003324
0072011003778
0072004871084
0072004870493
0072011000116
0082008000147
0072004869946
0072015006666
0072012000716
0082008000402
0082008000409
0082008000253
0072005873966
0072005873312
0072005872442
0072005871661
0072023001822
0072023001821
0072022003003
0072021004223
0072014004670
0072011003766
0072010001130
0082008000034
0072006874811
0072006874813
0072005874113
0072005874107
0072005871867
0072005871646
0072005871649
0072004871085
0072004871087
0072004871086
0072004870875
0072004870495
0072004870497
0072004870488
0072022003621
0072021003473
0072021003475
0072020001476
0072019002090
0072019001661
0072018001495
0072017000902
0072014000938
0072011000111
0072011000112
0072010001131
0072010001134
0072006875185
0072006874950
0072006874815
0072005874113
0072005873965
0072005873289
0072005873309
0072005873272
0072005873311
0072005873310
0072005873308
0072005872206
0072005872230
0072005872207
0072004871068
0072004870507
0072004870201
0072024002110
0072019003961
0072014006602
0072024002675
0072018004319
0072016001577
0072016001602
0072015002200
0072015002263
0072011003766
0072011003761
0072006874952
0072005873300
0072004870515
0072004870513
0072004870517
0072004870511
0072019005196
0072023000258
0072019001191
0072023003702
0072023003729
0072023003728
0072023003730
0072023001085
0072006874252
0072006874253
0072005872444
0072005872441
0072005872443
0072005872062
0072004871352
0072004870172
0072004869945
0072004869958
0072004869738
0072019003025
0072016002500
0072016002497
0072016002501
0072016002502
0072005872677
0072024003354
0072024002778
0072023001111
0072005871634
0072004870207
0072012001601
0072023001110
0072023001113
0072022000665
0072021001164
0072020001474
0072019002931
0072014000940
0082008000545
0072006874251
0072004870667
0072004870172
0072017000890
0072020004061
0072018001971
0072015002209
0072011001281
0072005872193
0072020000216
0072019005163
0072019001660
0072019001189
0072019000398
0072017005561
0072014005796
0072012000736
0072011000520
0072005873765
0072005872420
0072005872168
0072005872205
0072005871616
0072004870671
0072004870672
0072004870445
0072004870140
0072004869970
0072004870204
0072009000109
0072004870913
0072018002014
0072018002015
0072010001552
0072012000696
0072004870910
0072005871779
0072006874421
0072012000734
0072005872071
0072004871114
0072004870538
0072022002412
0072020002574
0072019003967
0072006875424
0072006875420
0072006875423
0072005872086
0072005872085
0072005872083
0072005872084
0072004870898
0072023003225
0072019001111
0072004871004
0072022003217
0072010001393
0072010001392
0072004870921
0072006875214
0072005874112
0072014000956
0072005874112
0072005871865
0072005871861
0072004870920
0072024001392
0072021000645
0072019002186
0072014005818
0072014004686
0072014003505
0072013005530
0072010001563
0072005873294
0072005872085
0072005872084
0072005872086
0072005872083
0072023002005
0072023002163
0072023002164
0072022004438
0072021004481
0072020000720
0072023004144
0072006874958
0072005872674
0072005872094
0072005872075
0072006874814
0072004870545
0072011003758
0082008000808
0072023001400
0072006874241
0072004870670
0072005872976
0072004870464
0072004869706
0072022000086
0072018001481
0072018001480
0072018001482
0072012001619
0072005873766
0072005871658
0072004870714
0072019004891
0072019002300
0072019001125
0072018001968
0072011000810
0072004871063
0072019002300
0072019001125
0072014006645
0072014004131
0072014002218
0072014000994
0072014001001
0072014000995
0072014000997
0072014000999
0072014001002
0072014000996
0072011003725
0072011003759
0072005872952
0072005872688
0072005872686
0072005872459
0072005872032
0072005872053
0072005871623
0072005871622
0072005871626
0072004871081
0072004870915
0072004870661
0072004870660
0072004870697
0072004870167
0072004869943
0072004869068
0072005873658
0072005873290
0072005873292
0072005872978
0072023001389
0072005872208
0072005871644
0072004870918
0072004869942
0072004869940
0072004869875
0072014000998
0072005871610
0072004870651
0072019002071
0072012001583
0072007879068
0072005872428
0072005871897
0072005871609
0072005871619
0072004869691
0072019003180
0072005872429
0072004871005
0072005872147
0072024001053
0072020004533
0072019000843
0072014004118
0072014002233
0072012000745
0072011001208
0072010001140
0072010000741
0072010000518
0072007878473
0072006875407
0072005872673
0072005872041
0072005871639
0072004870639
0072004870461
0072004870484
0072004870013
0072004869921
0072004870014
0072004869451
0072021004512
0072021000399
0072020004561
0072017003502
0072011003725
0072011000820
0072010000517
0072009000104
0072007877704
0072005872964
0072005872678
0072005872420
0072004871079
0072004870872
0072004870441
0072004870446
0072004870153
0072004870154
0072004870010
0072004869923
0072004869996
0072004869744
0072004869713
0072004869491
0072004869486
0072004869524
0072004869463
0072004870453
0072004869938
0072004869983
0072004869689
0072004869449
0072014005232
0072013005521
0072013005527
0072005871907
0072020004653
0072011001233
0072007878469
0072005873645
0072005873313
0072005872951
0072004870642
0072004870663
0072004869939
0072019001125
0072007879214
0072005872440
0072004870641
0072004870161
0072004869464
0072004869477
0072004869446
0072023004444
0072021004512
0072021004489
0072014004671
0072013002950
0072011003392
0072011003393
0072011000021
0072010001399
0072010001402
0072010001400
0072010000772
0072010000530
0072009000334
0072007878257
0072005872667
0072005872673
0072005872438
0072005872415
0072005872461
0072005872462
0072005872034
0072005872035
0072005871890
0072005871781
0072005871852
0072005871637
0072005871612
0072005871594
0072005871659
0072004871132
0072004870869
0072004870867
0072004870895
0072004870665
0072004870734
0072004870733
0072004870482
0072004870483
0072004870481
0072004870480
0072004870473
0072004870479
0072004870455
0072004870439
0072004870461
0072004870456
0072004870138
0072004870142
0072004870146
0072004870157
0072004870166
0072004870169
0072004870171
0072004870178
0072004870165
0072004870010
0072004869919
0072004869883
0072004870007
0072004870018
0072004870005
0072004869596
0072004869671
0072004869650
0072004869714
0072004869712
0072004869728
0072004869715
0072004869478
0072004869453
0072004869511
0072004869450
0072004869479
0072004869515
0072004869487
0072004869489
0072004869514
0072004869522
0072004869484
0072004869067
0072023004089
0072019001125
0072017005653
0072012001611
0072012000715
0072011000138
0072010001401
0072010001139
0072010000858
0072010000860
0072008000215
0072006874800
0072005871669
0072004871063
0072004870438
0072004870141
0072004869917
0072004869944
0072004869692
0072004869060
0072019000862
0072014002931
0072007878685
0072006874938
0072005872672
0072005872067
0072005872066
0072004871128
0072004870917
0072004870689
0072004870447
0072004870442
0072004870498
0072004869976
0072004869718
0072023004140
0072022003321
0072020002593
0072020001928
0072019002679
0072019001245
0072017005559
0072015003950
0072015003347
0072014004687
0072011003725
0072011002390
0072011000021
0072010001396
0072009000353
0072006875175
0072005872446
0072005871614
0072005871645
0072004871002
0072004871061
0072004870863
0072004870649
0072004870436
0072004870463
0072004870155
0072004870164
0072004869881
0072004869949
0072004869967
0072004869880
0072004870000
0072004870002
0072004870008
0072004870009
0072004870001
0072004869702
0072004869701
0072004869528
0072004869519
0072014005798
0072011003407
0072011003404
0072007879209
0072007879066
0072005874106
0072005873747
0072005872963
0072005872659
0072005872194
0072005872150
0072005872052
0072005871615
0072005871611
0072005871628
0072005871650
0072005871640
0072005871633
0072005871656
0072004871122
0072004871129
0072004871123
0072004871642
0072004871136
0072004871121
0072004871118
0072004871003
0072004871001
0072004871119
0072004870865
0072004870861
0072004870922
0072004870866
0072004870702
0072004870699
0072004870698
0072004870732
0072004870437
0072004870489
0072004870450
0072004870180
0072004870209
0072004869966
0072004869710
0072004869716
0072004869648
0072004869533
0072004869541
0072004869539
0072023002144
0072020001931
0072020000142
0072019004568
0072019000842
0072019000845
0072015002247
0072014005799
0072013001966
0072011003725
0072011003392
0072011001094
0072011001096
0072007879067
0072006877237
0072006877241
0072006877239
0072005872663
0072005872661
0072005872660
0072005872664
0072005872197
0072005872198
0072005872200
0072005872202
0072005872232
0072005872201
0072005872203
0072005872082
0072005872068
0072005871641
0072005871635
0072005871631
0072005871668
0072004871131
0072004871125
0072004871126
0072004871138
0072004870907
0072004870435
0072004870452
0072004870434
0072004870499
0072004870501
0072004870502
0072004870461
0072004870146
0072004870159
0072004870162
0072004870179
0072004869884
0072004869696
0072004869698
0072004869708
0072004869700
0072004869704
0072004869699
0072004869458
0072004869452
0072023003214
0072020004609
0072020001925
0072020001916
0072020001919
0072020001930
0072020001923
0072020001924
0072020001920
0072019004589
0072019002931
0072014003505
0072014001640
0072014000990
0072011000122
0072008000214
0072006875186
0072006874245
0072005874114
0072005873454
0072005873299
0072005873287
0072005872672
0072005872602
0072005872673
0072005872416
0072005872422
0072005872052
0072005872063
0072005872080
0072005872073
0072005871893
0072005871908
0072005871666
0072005871665
0072005871667
0072005871664
0072005871643
0072005871613
0072005871654
0072004871124
0072004871133
0072004870862
0072004870894
0072004870901
0072004870690
0072004870639
0072004870701
0072004870722
0072004870728
0072004870729
0072004870702
0072004870462
0072004870486
0072004870116
0072004870212
0072004870214
0072004870215
0072004870213
0072004869874
0072004869878
0072004869879
0072004869988
0072004869968
0072004870016
0072004869916
0072004869711
0072004869512
0072004869518
0072004869516
0072004869517
0072004869504
0072020004543
0072012001581
0072011003507
0072011003396
0072011003508
0072011003397
0072011000857
0072010000526
0072009000361
0072009000357
0072009000355
0072009000360
0072005871881
0072005871627
0072004870658
0072004870155
0072004869743
0072024001492
0072011000588
0072005872912
0072005872913
0072005872911
0072004870904
0072005872965
0072004870688
0072004870177
0072007877715
0072004870911
0072004870638
0072004870449
0072004870119
0072004870012
0072004870011
0072024001055
0072024001054
0072020000282
0072020000283
0072019004570
0072019001112
0072014005797
0072005873934
0072005873298
0072005872954
0072005872669
0072005872670
0072005872450
0072005872451
0072005872454
0072005872453
0072005872452
0072005872210
0072005871888
0072005871592
0072005871589
0072005871617
0072005871588
0072004870896
0072004870897
0072004870868
0072004870643
0072004870448
0072004870173
0072004869924
0072004869915
0072004869988
0072004869918
0072004869914
0072004869947
0072004869962
0072004869964
0072004869989
0072004869999
0072004869961
0072004869652
0072004869736
0072004869734
0072004869733
0072004869434
0072021004512
0072014003514
0072014006599
0072014005799
0072014004672
0072012001591
0072012000724
0072011001054
0072010000527
0072010000526
0072007878695
0072006875412
0072005872437
0072005872435
0072005872158
0072005872082
0072005872038
0072005872037
0072004871071
0072004871080
0072004871073
0072004870457
0072004870448
0072004870440
0072004870487
0072004870235
0072004870159
0072004869922
0072004869995
0072004869704
0072004869481
0072004869523
0072004869455
0072014001578
0072011003755
0072010001142
0072007878821
0072007877704
0072006875372
0072006874243
0072005873953
0072005873747
0072005873306
0072005872956
0072005872680
0072005872422
0072005872162
0072005871780
0072005871913
0072004871069
0072004870902
0072004870443
0072004870444
0072004870476
0072004870461
0072004870472
0072004870473
0072004870470
0072004869882
0072004870004
0072004869998
0072004869997
0072004869690
0072004869708
0072004869649
0072004870160
0072011001130
0072006876436
0072023002012
0072022000761
0072020004538
0072019004611
0072017001720
0072005873288
0072005872072
0072004870909
0072004870900
0072004870903
0072004870460
0072004870461
0072004870176
0072004869937
0072004869731
0072019003183
0072014004126
0072014001561
0072014000943
0072010000740
0072010000744
0072007879360
0072007877526
0072005873751
0072005872928
0072005872925
0072005872923
0072005872922
0072005872929
0072005872679
0072005872601
0072005871878
0072005871876
0072005871875
0072005871871
0072005871874
0072005871873
0072005871895
0072005871880
0072005871883
0072005871903
0072005871889
0072005871909
0072005871905
0072005871870
0072005871901
0072005871900
0072005871896
0072005871891
0072005871887
0072005871904
0072005871854
0072005871832
0072005871791
0072005871790
0072005871789
0072005871833
0072005871787
0072005871786
0072005871784
0072005871783
0072005871792
0072005871793
0072005871794
0072005871788
0072005871822
0072005871830
0072005871829
0072005871872
0072005871831
0072005871828
0072005871825
0072005871824
0072005871823
0072005871826
0072005871827
0072004870908
0072004870912
0072004870451
0072004869965
0072004869963
0072004869819
0072004869969
0072004869703
0072004869707
0072004869705
0072004869527
0072004869508
0072020002807
0072006876429
0072004870205
0072005871853
