0072017003502
0072004870457
0072010001393
0072004870445
0072005872670
0072004870443
0072004869524
0072005873765
0072015003950
0072005871640
0072005872952
0072020000142
0072005872194
0072004871080
0072004870204
0072004869713
0072005873306
0072004869966
0072005871612
0072004869919
0072004869533
0072006874800
0072004870165
0072004871119
0072004869874
0072004870166
0072013005521
0072005872063
0072004870014
0072004869995
0072004870141
0072023001400
0072010001142
0072004870481
0072004871138
0072005873645
0072006874243
0072004869916
0072007877704
0072004869880
0072004870209
0072004869710
0072004869519
0072004869512
0072005872034
0072004870667
0072005872035
0072014000990
0072006875412
0072012000724
0072007879066
0072004869997
0072005872055
0072004869875
0072010000860
0072007879209
0072011000588
0072004870154
0072004870142
0072004869988
0072018002014
0072019001245
0072004870018
0072004869998
0072004870456
0072004869884
0072005871890
0072005871639
0072005871664
0072005871650
0072020000216
0072004870446
0072011000820
0072005871615
0072004870501
0072004869491
0072023001110
0072005872420
0072024001869
0072023003214
0072014004131
0072004870464
0072004870649
0072004870010
0072014000995
0072004870910
0072005872422
0072004870205
0072004870665
0072004871122
0072021004489
0072005871644
0072004869882
0072004870473
0072005871631
0072014003514
0072005872168
0072006877237
0072004869458
0072014005799
0072004869649
0072005872459
0072004869692
0072005871667
0072004870435
0072005872193
0072004870116
0072005872673
0072005872416
0072005872452
0072005871913
0072010000741
0072019000843
0072004870702
0072006877239
0072004869650
0072006875175
0072004869452
0072004869736
0072005872667
0072023004144
0072005872082
0072004869696
0072005872080
0072005872162
0072011000021
0072004869924
0072005872913
0072004870440
0072004869481
0072011003759
0072005872688
0072006875186
0072024001054
0072004871071
0072005872075
0072019004891
0072011000138
0072014001001
0072005872440
0072004869922
0072004870476
0072005872659
0072011000810
0072004869517
0072005872663
0082008000545
0072004869712
0072014000994
0072004869921
0072014000997
0072006874245
0072019000398
0072014005232
0072004870213
0072019005163
0072004870901
0072004869487
0072005871614
0072024001492
0072004870697
0072004869515
0072005874106
0072004871124
0072004870169
0072023003729
0072004870861
0072004871003
0072008000215
0072004871132
0072011001208
0072004870472
0072004870486
0072004870463
0072020004061
0072005871616
0072004870444
0072017005559
0072004870441
0072004870482
0072004870164
0072005872664
0072004871001
0072005872073
0072004870161
0072012000715
0072011000122
0072004870672
0072004870502
0072005871623
0072004870214
0072005871654
0072004870722
0072005871592
0072008000214
0072005872037
0072010001399
0072005872202
0072005871610
0072004869983
0072019002300
0072004869967
0072004870009
0072005871665
0072014001002
0072005872954
0072004869449
0072019000842
0072004871131
0072020001916
0072004869714
0072006874251
0072004869528
0072024001868
0072015003347
0072011001094
0072019001187
0072004870699
0072005872660
0072018002015
0072005872203
0072004871642
0072005872053
0072005872210
0072004869711
0072022000665
0072006877241
0072005872158
0072005872956
0072005871588
0072005873658
0072005872438
0072014006599
0072004870865
0072005872200
0072004870146
0072005872674
0072019004589
0072005872964
0072005872963
0072005871893
0072004870660
0072004869999
0072005871611
0072015002247
0072004870651
0072011003407
0072004871129
0072005873298
0072004869652
0072004869918
0072004870690
0072005872911
0072007878695
0072004870005
0072005871908
0072005871668
0072004871123
0072004870439
0072024001053
0072004869989
0072004870734
0072004870470
0072005872461
0072020001923
0072019001660
0072004869522
0072005872602
0072011001233
0072011001096
0072005873299
0072004869704
0072019000845
0072004869708
0072004871133
0072021001164
0072020001920
0072019004568
0072004869489
0072006874958
0072014004687
0072004870455
0072011001054
0072004869947
0072020000282
0072004870663
0072004870545
0072004870487
0072022003217
0072005872669
0072005872437
0072010001400
0072004870866
0072004870450
0072004869523
0072004869463
0072023004444
0072004869917
0072010000858
0072004870904
0072020001924
0072007878821
0072020004533
0072014000940
0072004870729
0072004870698
0072011003392
0072004870173
0072005871626
0072005871643
0072004870215
0072004870920
0072005871865
0072014000956
0072013001966
0072020001925
0072004870008
0072023002144
0072004870004
0072013005527
0072004869879
0072012001591
0072023003702
0072004869516
0072019004570
0072004870895
0072005872150
0072004869734
0072004869690
0072004871073
0072005872686
0072004869949
0072005871594
0072020002593
0072005871633
0072005872201
0072019005196
0072004869942
0072014000996
0072005871613
0072004870448
0072004870452
0072004869968
0072005873934
0072004870643
0072005871622
0072014006645
0072004869518
0072022003321
0072012000696
0072011001281
0072004870438
0072004870489
0072005871888
0072004870894
0072005872951
0072023001113
0072004870007
0072004870436
0072014004672
0072007879214
0072004870922
0072004870002
0072005872435
0072014001578
0072004869068
0072020001931
0072010000517
0072023003730
0072004870732
0072005873747
0072010000772
0072005873292
0072004869962
0072004869484
0072018001968
0072004869511
0072005872453
0072004870178
0072004869479
0072007878257
0072005872094
0072010001401
0072004870157
0072004870921
0072004870171
0072005871635
0072005871852
0072004870863
0072004869970
0072004870872
0072004869923
0072005871907
0072004869450
0072023004089
0072005872450
0072019001125
0072017005561
0072009000104
0072004869706
0072004869539
0072009000334
0072014005798
0072006874241
0072004870902
0072004870483
0072005873290
0072011002390
0072004870499
0072018001971
0072005872069
0072004869541
0072005872198
0072004869464
0072004870479
0072004869486
0072004871126
0072004871125
0072005871780
0072004870162
0072005871656
0072010001139
0072004869733
0072004869996
0072004870907
0072004869699
0072004870868
0072020001919
0072011000520
0072004869939
0072023004140
0072012001611
0072004869943
0072005871669
0072020000283
0072004869067
0072004869728
0072004871002
0072004870896
0072004869716
0072005871641
0072005872978
0072004870016
0072014005796
0072005872446
0072011003755
0072015002209
0072005872680
0072005872032
0072013002950
0072019002931
0072004869671
0072004870915
0072014004671
0072004869453
0072004870671
0072004870179
0072019001112
0072004870641
0072012000745
0072005871781
0072019002679
0072004870642
0072004869060
0072004870013
0072005872678
0072004869938
0072005872197
0072006875407
0072004869701
0072004869648
0072020004653
0072010000527
0072004870661
0072007878469
0072004869514
0072023000258
0072004870437
0072011003725
0072005872912
0072004869702
0072004870733
0072004870462
0072020001928
0072010001140
0072005871637
0072005872205
0072012000734
0072021000399
0072005872038
0072005872454
0072004869715
0072005873287
0072004869451
0072005872415
0072004869915
0072014000998
0072004871069
0072011003404
0072004870639
0072004870728
0072004869940
0072004871061
0072004870235
0072004870869
0072020001930
0072004871081
0072004870434
0072004869455
0072010001402
0072010000518
0072004870480
0072014005797
0072020001474
0072014002233
0072005871861
0072005872976
0072004871136
0072005871666
0072023003728
0072004869878
0072020004609
0072004870140
0072020004561
0072005872232
0072004870180
0072004869964
0072017005653
0072005872462
0072004871079
0072004870159
0072014002218
0072004869477
0072010000530
0072004869689
0072004869961
0072004870918
0072005873953
0072004871063
0072005873454
0072019001191
0072004869883
0072004871118
0072006875372
0072005874114
0072004870153
0072024001055
0072005872451
0072007878473
0072004870000
0072005871628
0072004869698
0072005871617
0072004869700
0072004870867
0072014001640
0072021004512
0072004870453
0072005871589
0072004870670
0072005872661
0072004871121
0072004869914
0072005872052
0072005872068
0072004870212
0072011003393
0072019001189
0072014000999
0072024003354
0072014004118
0072004870701
0072004870862
0072004869744
0072004869596
0072004869881
0072007879067
0072012000736
0072009000353
0072010001392
0072005872041
0072005873313
0072010001396
0072004869504
0072004870001
0072010001552
0072004870167
0072005871645
0072004870484
0072004869446
0072004870138
0072004869434
0072005871659
0072004869944
0072004870897
0072004869478