0072019003241
0072019003245
0072019003301
0072006874809
0082008000257
0072004870181
0072018001496
0082008000250
0072004870495
0072010001132
0082008001454
0072004871064
0072004871093
0072019000889
0072017003499
0072017003497
0082008000403
0082008000406
0082008000411
0072019003324
0072011003778
0072004871084
0072004870493
0072011000116
0082008000147
0072004869946
0072015006666
0072012000716
0082008000402
0082008000409
0082008000253
0072005873966
0072005873312
0072005872442
0072005871661
0072023001822
0072023001821
0072022003003
0072021004223
0072014004670
0072011003766
0072010001130
0082008000034
0072006874811
0072006874813
0072005874113
0072005874107
0072005871867
0072005871646
0072005871649
0072004871085
0072004871087
0072004871086
0072004870875
0072004870495
0072004870497
0072004870488
0072022003621
0072021003473
0072021003475
0072020001476
0072019002090
0072019001661
0072018001495
0072017000902
0072014000938
0072011000111
0072011000112
0072010001131
0072010001134
0072006875185
0072006874950
0072006874815
0072005874113
0072005873965
0072005873272
0072005873308
0072005873289
0072005873310
0072005873311
0072005873309
0072005872206
0072005872230
0072005872207
0072004871068
0072004870507
0072004870201
0072024002110
0072019003961
0072014006602
0072024002675
0072018004319
0072016001577
0072016001602
0072015002200
0072015002263
0072011003766
0072011003761
0072006874952
0072005873300
0072004870515
0072004870513
0072004870517
0072004870511
0072023001085
0072006874252
0072006874253
0072005872443
0072005872441
0072005872444
0072005872062
0072004871352
0072004870172
0072004869945
0072004869958
0072004869738
0072019003025
0072016002500
0072016002497
0072016002501
0072016002502
0072005872677
0072024002778
0072023001111
0072005871634
0072004870207
0072012001601
0072017000890
0072009000109
0072004870913
0072005871779
0072006874421
0072005872071
0072004871114
0072004870538
0072022002412
0072020002574
0072019003967
0072006875424
0072006875420
0072006875423
0072005872086
0072005872085
0072005872083
0072005872084
0072004870898
0072023003225
0072019001111
0072004871004
0072006875214
0072005874112
0072024001392
0072021000645
0072019002186
0072014005818
0072014004686
0072014003505
0072013005530
0072010001563
0072005873294
0072005872085
0072005872084
0072005872086
0072005872083
0072023002005
0072023002163
0072023002164
0072022004438
0072021004481
0072020000720
0072006874814
0072011003758
0082008000808
0072022000086
0072018001481
0072018001480
0072018001482
0072012001619
0072005873766
0072005871658
0072004870714
0072023001389
0072005872208
0072019002071
0072012001583
0072007879068
0072005872428
0072005871897
0072005871609
0072005871619
0072004869691
0072019003180
0072005872429
0072004871005
0072005872147
0072019000862
0072014002931
0072007878685
0072006874938
0072005872672
0072005872066
0072005872067
0072004871128
0072004870917
0072004870689
0072004870447
0072004870442
0072004870498
0072004869976
0072004869718
0072020004543
0072012001581
0072011003507
0072011003396
0072011003508
0072011003397
0072011000857
0072010000526
0072009000361
0072009000357
0072009000355
0072009000360
0072005871881
0072005871627
0072004870658
0072004870155
0072004869743
0072005872965
0072004870688
0072004870177
0072007877715
0072004870911
0072004870638
0072004870449
0072004870119
0072004870012
0072004870011
0072004870160
0072011001130
0072006876436
0072023002012
0072022000761
0072020004538
0072019004611
0072017001720
0072005873288
0072005872072
0072004870909
0072004870900
0072004870903
0072004870460
0072004870461
0072004870176
0072004869937
0072004869731
0072019003183
0072014004126
0072014001561
0072014000943
0072010000740
0072010000744
0072007879360
0072007877526
0072005873751
0072005872928
0072005872923
0072005872922
0072005872925
0072005872929
0072005872679
0072005872601
0072005871878
0072005871876
0072005871903
0072005871871
0072005871874
0072005871873
0072005871872
0072005871880
0072005871883
0072005871901
0072005871889
0072005871909
0072005871905
0072005871870
0072005871900
0072005871896
0072005871895
0072005871891
0072005871887
0072005871904
0072005871854
0072005871832
0072005871791
0072005871790
0072005871793
0072005871833
0072005871788
0072005871786
0072005871784
0072005871783
0072005871787
0072005871792
0072005871794
0072005871789
0072005871822
0072005871830
0072005871829
0072005871875
0072005871831
0072005871828
0072005871825
0072005871824
0072005871823
0072005871826
0072005871827
0072004870908
0072004870912
0072004870451
0072004869965
0072004869963
0072004869819
0072004869969
0072004869703
0072004869707
0072004869705
0072004869527
0072004869508
0072020002807
0072006876429
0072005871853
