0072024003066
0072024000667
0072018001633
0072015006504
0072012002169
0002004870718
0072022000471
0072020003920
0072014006163
0072009000653
0072023004574
0002006874490
0072018001621
0072016001915
0002005873157
0072022002619
0072020002989
0072019001909
0072014005170
0072019003510
0072024001333
0072023001592
0072022002573
0072022002646
0072022000194
0072020001818
0072014001086
0072013004930
0072013004166
0072012000624
0082009000338
0082009000340
0002007878394
0002006874304
0002005871732
0072004871295
0002004870995
0072024001253
0072023002983
0072023000282
0072022003472
0072020001407
0072019003513
0072017007388
0072017006647
0072017005314
0072015000867
0072015000868
0072013004985
0072013000554
0072012002158
0072011003166
0072011001875
0072009001193
0072009000369
0082009000358
0082009000360
0082009000357
0072009000035
0082008000572
0002005872555
0002005871722
0002005871723
0072024001948
0072023004575
0072023002982
0072023002245
0072023001596
0072022004104
0072022002572
0072022000931
0072022000220
0072019002383
0072018005097
0072018005084
0072017006612
0072017005319
0072014006182
0072010000110
0082009000365
0002007878400
0002006877046
0002006874307
0002005872544
0002005872547
0002005872555
0002005872562
0072004871442
0072004871443
0072004871378
0072021003357
0072015006500
0082009000359
0002005871731
0072023001208
0072023001211
0072022001690
0072022002559
0072022001653
0072022001172
0072018005100
0072014005169
0072013001504
0072012002179
0072009000552
0082008000623
0082007000069
0082007000074
0082009000361
0072023002981
0082009000082
0072015000332
0072024003118
0072024003114
0072024003116
0072023004478
0072022000934
0072016003175
0072015001413
0072014001134
0072012001407
0072011001826
0072023000279
0072022000476
0072016003181
0072013004929
0072021002477
0072021000649
0072020005394
0072018001634
0072016003181
0072004871358
0072023002244
0072021004144
0072021000642
0072015002579
0072009000910
0002005872840
0002005872549
0072024003062
0072012000604
0072022002195
0072023002932
0072022001560
0072020002099
0072019001913
0072007000012
0072023004020
0072018003236
0072015005131
0072023004473
0072024000602
0072017007385
0072016004426
0072022000159
0072022000929
0072022000922
0072017003312
0072016005832
0072020005203
0072017003314
0002006874310
0072005871859
0072005871858
0072005871860
0072024002985
0072024002982
0072024002980
0072024002986
0072024002984
0072024002992
0072024002983
0072022001556
0072015005758
0072014005194
0072012001431
0072023004017
0072023004114
0072023004018
0072023004113
0072023004096
0072022002176
0072022000450
0072022000449
0072018005601
0072020005178
0072015003301
0072012002170
0072010000628
0072020005175
0072008000116
0072015006501
0072023000320
0072021000344
0072022000904
0072017001999
0072017001993
0072017002000
0072010000355
0072009000347
0072008000479
0002007878982
0072024001305
0082008000590
0082008000617
0002007879164
0002007879306
0002007879161
0072017003302
0072009001195
0072023004460
0072023000285
0072023000289
0072019003537
0072016001936
0072021000648
0072019002276
0072016007210
0072016007175
0072010001368
0072018000533
0072017003334
0072016001932
0072012005398
0072012005395
0072005871836
0072022000927
0072021001489
0072021000751
0072020003924
0072020002788
0072020000673
0072019001912
0072019001958
0072018001636
0072017005266
0072017004036
0072014005172
0072014005165
0072014002011
0072014001109
0002007878609
0002007877484
0002006874874
0002006874873
0002005873180
0002005873182
0072005872100
0072004871414
0072018001637
0072017000805
0072004871351
0072024002004
0072024002003
0072024002002
0072023002239
0072022004096
0072022000902
0072019000729
0072017006711
0072017005276
0072017000817
0072016006460
0072016001944
0072016001092
0072016001091
0072015006510
0072015001436
0072015000857
0072015000865
0072015000321
0072014002873
0072014002865
0072014001112
0072011002174
0072009000781
0072009000440
0072009000442
0082009000335
0082009000334
0072008000116
0002007878381
0002007878388
0072004871366
0072004871359
0072019001923
0072014002876
0072013004937
0072023004441
0072022000928
0072021002479
0072017006633
0072017005316
0072016003179
0072011000610
0072008000042
0082007000143
0002007877406
0002004869546
0002004869786
0072023004045
0072022004100
0072022002567
0072022000926
0072022000447
0072021000644
0072019004592
0072018001628
0072018000545
0072016001931
0072012000618
0072010000341
0072008000013
0002005872132
0072004871384
0072024003040
0072024002121
0072022004093
0072022000158
0072021004143
0072021002536
0072018003190
0072018001629
0072017007384
0072017000809
0072013004169
0072013002626
0002006874303
0002005872133
0002005872134
0002005872136
0072004871362
0072004871383
0072004871384
0002006876797
0072004871430
0072024002828
0072013002622
