13492295
13474024
13487887
13484064
13486536
13486240
13485627
13479733
13476682
13476461
13478771
13478664
13461491
13461070
13460870
13448515
13419668
13419621
13439710
13439592
13492295
13474024
13487887
13484064
13486536
13486240
13485627
13479733
13476682
13476461
13478771
13478664
13461491
13461070
13460870
13448515
13419668
13419621
13439710
13439592
13492295
13474024
13487887
13484064
13486536
13486240
13485627
13479733
13476682
13476461
13478771
13478664
13461491
13461070
13460870
13448515
13419668
13419621
13439710
13439592
13062930
13046813
13046824
13056595
13055852
13043404
13043354
13043218
13031949
13031925
13035142
12997724
13009695
13009677
12997622
12996221
12996198
12988299
12988275
12988249
13062930
13046813
13046824
13056595
13055852
13043404
13043354
13043218
13031949
13031925
13035142
12997724
13009695
13009677
12997622
12996221
12996198
12988299
12988275
12988249
13062930
13046813
13046824
13056595
13055852
13043404
13043354
13043218
13031949
13031925
13035142
12997724
13009695
13009677
12997622
12996221
12996198
12988299
12988275
12988249
12743416
12743367
12726753
12726733
12724521
12690038
12690018
12689989
12716544
12716522
12688559
12610977
12610934
12610883
12647372
12621748
12647272
12621450
12616836
12652680
12743416
12743367
12726753
12726733
12724521
12690038
12690018
12689989
12716544
12716522
12688559
12610977
12610934
12610883
12647372
12621748
12647272
12621450
12616836
12652680
12743416
12743367
12726753
12726733
12724521
12690038
12690018
12689989
12716544
12716522
12688559
12610977
12610934
12610883
12647372
12621748
12647272
12621450
12616836
12652680
12417636
12417606
12417582
12413486
12411318
12411258
12411212
12411135
12413818
12415125
12413330
12412854
12412599
12411467
12410437
12413850
12413777
12411050
12411002
12402536
12417636
12417606
12417582
12413486
12411318
12411258
12411212
12411135
12413818
12415125
12413330
12412854
12412599
12411467
12410437
12413850
12413777
12411050
12411002
12402536
12417636
12417606
12417582
12413486
12411318
12411258
12411212
12411135
12413818
12415125
12413330
12412854
12412599
12411467
12410437
12413850
12413777
12411050
12411002
12402536
12101233
12101200
12085468
12085040
12068418
12068257
12068006
12065772
12003650
12048634
12048584
12048462
12048432
12048411
12053967
12036154
12030489
12030452
12021925
12021596
12101233
12101200
12085468
12085040
12068418
12068257
12068006
12065772
12003650
12048634
12048584
12048462
12048432
12048411
12053967
12036154
12030489
12030452
12021925
12021596
12101233
12101200
12085468
12085040
12068418
12068257
12068006
12065772
12003650
12048634
12048584
12048462
12048432
12048411
12053967
12036154
12030489
12030452
12021925
12021596
11817849
11817788
11817696
11813077
11812888
11803465
11803433
11803719
11800580
11792065
11792008
11783017
11760474
11769682
11780840
11780791
11780704
11767822
11766942
11758587
11817849
11817788
11817696
11813077
11812888
11803465
11803433
11803719
11800580
11792065
11792008
11783017
11760474
11769682
11780840
11780791
11780704
11767822
11766942
11758587
11817849
11817788
11817696
11813077
11812888
11803465
11803433
11803719
11800580
11792065
11792008
11783017
11760474
11769682
11780840
11780791
11780704
11767822
11766942
11758587
11464448
11464412
11462700
11457753
11452302
11456588
11447993
11447702
11438119
11427666
11425911
11425750
11425516
11415806
11388232
11388213
11376509
11375175
11372471
11376325
11464448
11464412
11462700
11457753
11452302
11456588
11447993
11447702
11438119
11427666
11425911
11425750
11425516
11415806
11388232
11388213
11376509
11375175
11372471
11376325
11464448
11464412
11462700
11457753
11452302
11456588
11447993
11447702
11438119
11427666
11425911
11425750
11425516
11415806
11388232
11388213
11376509
11375175
11372471
11376325
11184405
11184631
11184505
11170638
11170615
11178391
11177641
11158030
11170575
11170458
11153464
11161004
11133785
11134857
11130043
11114927
11114886
11114411
11091795
11082480
11184405
11184631
11184505
11170638
11170615
11178391
11177641
11158030
11170575
11170458
11153464
11161004
11133785
11134857
11130043
11114927
11114886
11114411
11091795
11082480
11184405
11184631
11184505
11170638
11170615
11178391
11177641
11158030
11170575
11170458
11153464
11161004
11133785
11134857
11130043
11114927
11114886
11114411
11091795
11082480
10886094
10886030
10885796
10885888
10885867
10877635
10877749
10877716
10877697
10877682
10877670
10877652
10876769
10875147
10875000
10874960
10874929
10874904
10874868
10874832
10886094
10886030
10885796
10885888
10885867
10877635
10877749
10877716
10877697
10877682
10877670
10877652
10876769
10875147
10875000
10874960
10874929
10874904
10874868
10874832
10886094
10886030
10885796
10885888
10885867
10877635
10877749
10877716
10877697
10877682
10877670
10877652
10876769
10875147
10875000
10874960
10874929
10874904
10874868
10874832
10642182
10641093
10641078
10641052
10637546
10629233
10630401
10630258
10621326
10621280
10621255
10621104
10620819
10620759
10620451
10620339
10620236
10620130
10620053
10619968
10642182
10641093
10641078
10641052
10637546
10629233
10630401
10630258
10621326
10621280
10621255
10621104
10620819
10620759
10620451
10620339
10620236
10620130
10620053
10619968
10642182
10641093
10641078
10641052
10637546
10629233
10630401
10630258
10621326
10621280
10621255
10621104
10620819
10620759
10620451
10620339
10620236
10620130
10620053
10619968
10374353
10374335
10368843
10363372
10361390
10358094
10354526
10354438
10353643
10352240
10352148
10344175
10340253
10339762
10339543
10332665
10332610
10321555
10318407
10317549
10374353
10374335
10368843
10363372
10361390
10358094
10354526
10354438
10353643
10352240
10352148
10344175
10340253
10339762
10339543
10332665
10332610
10321555
10318407
10317549
10374353
10374335
10368843
10363372
10361390
10358094
10354526
10354438
10353643
10352240
10352148
10344175
10340253
10339762
10339543
10332665
10332610
10321555
10318407
10317549
10114440
10104809
10097656
10097597
10088957
10075392
10075227
10057094
10053529
10048600
10041152
10040995
10036648
10029851
10030094
10022870
10020180
10015450
10015363
10014306
10114440
10104809
10097656
10097597
10088957
10075392
10075227
10057094
10053529
10048600
10041152
10040995
10036648
10029851
10030094
10022870
10020180
10015450
10015363
10014306
10114440
10104809
10097656
10097597
10088957
10075392
10075227
10057094
10053529
10048600
10041152
10040995
10036648
10029851
10030094
10022870
10020180
10015450
10015363
10014306
